2456.7683576345444
4398.084546998785
7465.817796466687
-5671.069705654312
-3798.3039353297636
3003.369981095517
7307.7669642051405
9262.930413791833
2386.6717976704695
2897.910096928201
-5609.0003091346
-79.66257552390198
-3932.7951021321296
-9554.141747780906
-9378.111737889303
-372.5248689963155
928.820790757909
4511.214232271332
-5229.675854109947
1407.4438241278513
-4681.1156118608515
3153.8739895353083
-1695.8590501708077
-3026.6227085136507
-5804.082030933972
-114.41169351690769
-8946.024236096599
8418.180853780155
-9522.067712148048
-3456.7412503890664
-5216.868905950411
-3160.836103889046
-8453.838495258135
1777.196828548711
-7139.616362424559
5023.810504480691
-6.361717726063944
1194.5345406290126
-3736.5292166976797
-2549.7972774642385
7184.753147013369
717.6704881633541
-1586.8406213617145
2614.914811215227
4079.8152305703334
-8325.932701446263
6932.24862821155
-2868.7426967383735
8510.659159063984
4055.5058620008003
-773.3134440584272
8195.308093619311
7884.262795460505
-2238.8917592614744
6146.56182553524
1029.791158177417
-9752.35781556599
-8826.631707077995
-8977.531354230196
-6715.620986102513
-7496.196814847746
-3993.036597529982
2560.3447892167715
8833.90845549733
4120.754257585948
2492.9401731881026
2320.4844600936012
-4817.804401127149
5607.432625805213
-1139.0768934571042
2732.3940417774265
-1967.1246295245728
8873.49746383517
4450.317793157772
-5781.923068120794
-1289.4796647360217
4776.204026885496
-6917.776425813522
7841.413462083394
4892.831141966328
-2962.7396266637525
-1954.0158345532773
3667.320970773646
-8627.570913286962
-2667.5329062220435
984.1197492708325
714.8051912034716
-643.7412100774272
-487.21075117618784
4002.663672892533
6717.29545891142
-6876.29655736778
-1969.341974383443
5922.510173615374
-6725.728486223384
-1891.3907692104167
2925.2540201327483
2540.873376102096
9371.110735769216
9268.170471951536
-7021.5433353040835
-3187.8385176836073
-2062.790754277775
-1719.9320651114867
1977.0082986689104
-1925.218042151766
-6253.715923902412
5813.810364457198
9205.407372023885
-5607.839636919407
-5441.928280583408
-9085.14236601991
8814.156665450682
-8384.473350711774
8052.791334144033
-4769.642276624127
-2425.48630640002
913.9956193019843
-5010.183488854099
-6700.261445272781
-563.5095688274232
5680.204226012447
-3863.20299811155
3416.636215875
7675.675440414041
-7412.4596212143915
4798.060168792186
-7855.295804592733
-1943.7618575340875
2330.043489477657
-6193.787700865336
-7965.370553714528
4895.810008599925
1955.6733010098396
-1768.1250165439415
-8948.104235353387
7993.198790097445
9679.422500588058
-4004.040698357665
1740.5736584695405
-3513.3597860061427
-5539.566083997347
1900.5652543866763
5450.714714116222
8908.517191474788
-9513.712753038038
-3878.5401690885064
7312.163300335378
-2918.195599752047
-4261.933876814337
-3141.8981101912905
4365.937936086828
-4861.849249204326
-4173.681535018232
6740.522380491002
2209.2732452612836
-8500.134185602945
-1362.0920478997796
-7403.197688443095
775.6056494530458
1317.510242404911
-1249.842205750474
-1643.2746504802162
1752.8342552891136
4892.114627480323
9444.91120574082
-2370.5730172724834
3423.2029492650636
2711.13980116538
-9923.070135374855
-4051.1148275009564
-6296.177161364787
-2120.372052751378
6746.713573910132
-5133.344152387329
-6498.221389750923
3418.9092724975817
3202.829664730234
3518.2841682482667
9013.274831245562
-8619.559965828841
-836.5466809275349
-8421.787054370248
9584.83414274946
2269.5516095479543
-6808.970925692146
-1395.432205641575
218.38887771213922
2664.0880180733693
-2443.093880548695
-1920.2640600605146
5751.259939670414
-9026.06341515678
-5405.298270471027
-4448.990568659974
4963.771564250974
243.65034575707432
-7802.567081563295
3057.0971048140163
1622.6113585022667
973.2689167652825
-6050.570903623271
-5066.899494241894
-1435.8009555116969
-6619.625050392144
-4436.298283493534
-1615.1678671718146
6722.4186853551
-9251.574057014672
-6272.392324176628
7333.820650068334
1362.5016368326942
-4893.555309050863
6746.004735045164
-4927.594979289771
-5151.862437900736
-6878.473119115481
-5819.67194570242
-1321.4116859254937
8937.213014113295
3289.1670874517586
-9921.086240503517
-5572.838596993896
-296.67935076047434
4015.471242738153
-5484.2488698178095
-1932.5309164426299
1231.4468800643535
1290.7901785928734
3102.1125869061925
5744.766356084794
8608.806326632155
6724.871033764382
-3152.2585435683695
9432.8288749083
-8316.975517235443
2167.223384552248
6124.699936768551
4505.246961781335
4826.191189405205
-5171.426998387536
4718.308375208964
3810.063313005874
-9520.044080038368
9892.33434897599
3884.655812694369
160.63054517656383
-2282.708817034214
4358.79464957651
832.4013700139803
581.7782198194382
6354.9548327407065
-3234.044293115321
9580.496973613572
-670.9458910412104
-2707.8198781091187
3663.5574027662933
-6350.879548501598
-8066.267258586028
-5910.943771362967
-3624.2101287843043
2027.8443479451744
-8000.754485323034
5622.353361917698
-3138.231010915153
2294.625456462756
-4331.28839937952
4513.344265316686
9875.87897464005
6783.050742691572
9878.80279762897
-4976.934965871426
3303.6992467321525
9639.637025567994
-7295.396759952373
-8793.819504819005
4754.309128231376
-710.2528663288685
-3293.221796695296
5966.789828239023
-4138.901835606071
3436.4901356770188
5996.496836003142
3150.279027434808
-138.10466644819462
51.2698726882154
7998.04243212899
-1826.4482516606104
-1982.6588200171027
7973.245879158574
-809.5207867979243
-7721.329181188772
4894.590931268667
-4146.266818814052
-2510.6566642169346
5977.454904257107
2512.1633605054067
-9648.866152475148
7131.1271343939225
-2306.884912610328
3128.1560166446143
3870.130080147108
-8025.315427718489
8160.545246730668
-5770.1147392056655
3705.0174239068783
7081.7629459440905
652.2508930775821
422.76074912292825
-4879.155437832707
223.45355931929953
-6297.373368518511
-5220.967388793576
5208.021447659106
-7014.972563103627
-5260.353915985534
-823.8736321308279
6876.263692988676
-5128.269114666784
-1284.8716202371343
8780.274961309005
8089.768813919909
2682.754087792584
4267.879185966718
-5514.18915243453
4488.961242795733
-1908.9753642233527
-9156.010272200154
2064.9621875065077
7424.223488669872
3578.3235966265656
1495.8496434467634
-3408.002827642098
-8158.873867015881
6463.270078880476
-2931.8582793521646
-5257.578137400007
1511.0248105006303
-663.4469319833461
-8499.668915601906
-7120.071926826899
-5637.319449276426
5314.112303151624
-5245.26899811133
208.07676355335934
-5960.02339483576
1300.9239537972735
-5869.25595203899
1402.6254574249233
-2612.6746056857055
4357.949274303492
-6582.49705264951
-970.9315742412182
-7561.7879905035925
-241.08656387831434
-3718.792671865097
-2151.9023352230633
3391.4528900741625
2373.942450367387
-9160.70402232881
-6227.311587578244
-4398.719302364433
-7539.486465599696
-1409.910153364881
5081.986597885278
4916.227689440815
-6956.948388257666
-6951.444163647762
88.37303957338554
-9914.68366278646
-3647.831064916778
-7772.490397877156
-1022.8283924168773
5014.499396572575
156.94136978079405
8611.251240007128
-8420.257124965108
8718.832511213765
9971.2540821306
6488.331552605403
-9396.04813335939
-4572.8448307989875
-3172.626160046945
-1348.3728201528193
-2675.9913983625274
4579.050830548958
-5880.076227842887
-8522.551413820227
3750.430985219773
-2222.111257417032
-8348.634023865749
-8204.558098969845
-1704.853518363454
5833.873741053099
-9804.908039918559
-2112.2581136589533
888.4429154102636
-81.55064049457906
6680.124139194984
1309.5143843376354
-2249.728696345621
-4632.186672383203
6256.161439623476
-7296.619459506402
3293.305175417121
-6158.48515073822
-9662.640846556587
8907.91301136039
9786.157134939669
-1274.3764356823503
-290.03977788361954
-2504.968304142035
-2899.5032474590917
2304.330736408576
-4606.408305720773
-6960.938619125934
-1385.2831445213742
-8890.18323263424
8127.508945841433
934.6638723820852
-3353.5215232136425
9441.85285870371
-9611.76655642221
-3669.808691620404
9010.833140130013
-131.69325848152948
-7316.676683772348
2034.0888027399997
8200.191172198098
-549.0118053601527
2335.1168202043864
-1158.5765756274977
-5260.395638597095
3550.694164193759
-3212.6950223586555
-4779.580927502813
-1126.0532252377761
3699.533517175634
5041.434372841142
6001.476731220177
-2122.8381534646924
5048.954266925017
3980.772889357946
-840.9854632603547
-1890.0788912716935
4130.18709953375
9701.069033229036
827.7318733781849
-1736.9328958119586
6272.713372061709
-577.7432494975219
5724.623333450536
-2138.968219589592
1149.0619822565077
1506.5369587608602
-1590.028775611634
2140.6173369613516
1266.0158090847526
8324.331454177707
-330.949067349442
-2300.8796601074
126.50608779668437
6295.01651366513
-5524.717293544805
-753.9811858821868
-9155.30497647079
-7791.502858362028
9516.4798305099
-531.7323032279091
2888.7961044317726
1929.1347459612316
-5064.941453174981
4501.967241825225
8951.024487643026
-449.61034253093203
-8931.099359302832
-1603.3482639569847
-1167.0934581634738
-1239.9277429787617
7016.915135803785
-1052.7074550105553
-9770.330712143834
-2113.8279078334317
-8291.642690121758
5474.465955821823
4598.505061643513
3765.8369858416154
3674.0935654344376
-3010.349769702145
9113.142119113949
7377.700022387791
85.21202497099512
-4906.451550979241
-7280.4752237924995
6846.590069528531
3702.7847285945245
1957.0406381219982
-6618.528901066418
-9437.44528160497
-3747.5499257871707
-510.25011510894365
3341.4440810324777
6087.217531799954
3966.4250411842713
-4203.183284776568
3954.1940079536726
8566.71696300961
-237.93490492906312
5785.672735133388
4375.795622081803
-2667.380689714032
-6499.028992593277
-6979.906050869731
-4454.3426480525695
9311.614751829205
-6010.104773664903
-288.42667529278333
-3008.562461874949
-7875.18358547042
-9625.997683465512
-7679.322450717085
-4879.022366338557
-4620.18014807664
-712.0364333558919
9574.995031206316
-5931.729085568846
-4648.587035054033
-3479.810717389473
-6677.172372187095
4812.313621928999
6855.517168056635
4831.473181696427
-5307.483120733019
8771.5944746635
-5728.714892243239
2254.8663009963966
-3211.4267280613994
6090.57695048715
-7739.803638904492
4520.217107138122
8746.594999396577
-7358.482518361351
9652.76127405756
-725.3118008152651
8006.775874689283
5746.986439441982
-6100.429148017074
2510.2497421912685
103.75969269848792
-1180.7457884562791
3114.172969953841
8760.053349878246
4267.240435412563
557.9652766330128
4930.860813127909
8438.32542036043
-5273.366226091405
5792.095289526276
-1324.2753776314057
-4277.102369698964
9840.226813797854
-3664.555029734124
3936.2316905216303
-5737.474081826593
8401.84810552347
4183.522028292095
8123.624195141245
5042.484039295832
8716.678605487246
8391.930342717307
-6873.472052564626
-9581.02662113985
5768.444696645016
7590.699939125574
120.0839021025131
6272.821319096731
1065.860738573876
-1521.4060104714717
5667.147061526635
1922.9621205286549
-1455.9432260462218
4039.287425845212
745.0458926241172
5068.455111843314
424.3682370025617
9173.114124644791
-3520.4704396996367
1864.0508412954641
7004.125163051878
8443.428280849002
-6.579613650092142
8166.162756625345
5992.389933120301
2612.035720338912
609.3550978685416
3465.476126884523
-8711.068134566805
-1325.264839561236
1536.2052541332323
8865.84552243137
9107.183147452983
963.2240891224355
5.838190515345559
456.865089211502
-1794.5656854213703
9465.789506669771
-746.4781615917636
7393.398069849889
-2895.092901165768
-1890.5755531050718
-8873.362034440202
125.48027835945686
-2620.662667905367
-7610.112904123769
-9425.563131604757
2873.7932595919156
7782.447111120353
9257.322575973456
-421.64507624882026
8532.600827616483
-3534.2185247465486
-3945.448137046097
6069.973801568927
6427.894880033353
9563.60991730063
-7776.600008960974
6293.963974364033
5971.389941693935
6681.488953827298
3137.951895559456
8720.376578470496
-7132.997031703708
3875.6307963220916
6643.831850125716
360.94979696752307
861.516021149926
-3533.0251728307376
-1806.1431775024048
-7069.628169550204
9224.620186443582
5707.354696050621
-2782.2302303737897
885.9713624395772
2919.6074203943263
8685.27857301844
5679.896860498393
-9449.451245327718
8621.835735527573
4447.887812485884
-2051.892522814267
1500.8733328029448
-7042.282783763525
9686.495023095431
-5923.32605565387
5764.67066110266
-9743.553531128024
-6167.047059214579
7833.868721079449
-3432.972812691819
5660.20148147954
-7579.870353651925
-5519.946265881699
1885.3151126146367
2732.5224970015643
2930.8329839468643
9502.593164084323
2268.6959040365455
2418.7123995577203
-7677.112281433136
-7529.093499387038
4010.651615731931
-7355.350550834841
-79.35037789274611
-284.9207348200689
-9994.082873154228
5845.806070001394
8663.896724154762
7146.119242372937
1095.6405661879635
7732.453428844368
-1455.538103304776
5865.10766671419
99.63386676029404
3583.2231713249566
7948.848761163441
2314.002441011109
-5641.814894763109
-685.5467138201202
-8784.695693044097
-3603.63503341478
-7720.105225314637
-1763.8020190776951
-6235.810781975204
1808.5851474682386
-9823.330326260912
-996.5607417914434
875.8993385409012
18.08555480719224
177.74967011432818
-6419.494363203242
-8751.770218429938
-3125.360540152651
-7401.837583478977
-4645.375869879304
9417.50489659248
-2654.4830234985393
-2265.2023582910033
-7930.536053242403
-4485.931981650362
9424.670888244102
3374.160634550146
5688.636657661804
9087.069422083907
-6792.968145339908
-6671.109523734207
6104.41027353822
-7824.205973368455
1797.7626490192815
7998.267055825927
-2824.2466824683033
-4955.384193616901
4483.621933627808
-2292.3074485185953
-1022.0261587472069
-6183.278636517407
-8316.181198965802
8281.911443396519
2388.984178516521
4853.12437913235
5215.064208292399
-6072.49835421233
-8537.592399347093
-3317.9839384255993
-3229.7780503907343
5818.518872000159
454.0903364211954
4196.989372862541
6815.387563065771
-4847.403810637649
-8951.755835089813
4982.548314051184
-7900.890797530255
-769.8403418593425
-9694.855037566482
9898.55779519819
-9548.306569055701
2129.693513797176
-912.3714266633815
-2827.3469584777904
5021.936575832124
5286.192453262056
-6514.3329362996865
-4740.461408112815
7579.634390487925
-1296.122495995005
670.206129345841
2991.026070011947
-6029.508294556483
-8305.784167610844
9775.931378347901
-9156.778132511916
2205.1994601320366
-4310.693114928949
-6671.8147080006
-7515.911765525987
-9428.16891795974
-6969.41548091247
-4396.313516986214
-894.4735720774352
8003.49678749884
-6744.990136741036
-2994.8899991315584
-7190.44954580151
-8038.824077265563
4019.2788622794433
-1861.355229036676
4223.553830492128
7473.144566580551
1913.0358967669672
4604.295079970874
162.39746860548985
5969.610368094265
9225.163212281863
-7084.818158663007
-3090.0200478782635
-6052.089756488242
-6356.614410584711
-736.6679674965144
6167.624430061083
1629.4044574511718
5190.532208393286
-2176.694628815545
-7066.834536997509
948.7741283706855
6744.109078553967
4700.613439193441
-9858.187500572258
7369.689129419243
7000.802410896056
-7964.034903133126
-8654.708630534982
5611.591998076119
-9322.395514012973
1464.1748791071332
-4674.896111632596
734.9694435481288
-1812.6821990210028
8241.951941359854
-8959.702070408255
4527.899256835339
-7243.783848860361
-2983.996161938516
-409.83536178330905
6032.285822693639
8757.843669843016
-3865.139319713664
-766.1581338432479
-562.9412336455844
-5423.870244820201
-6323.185899430759
-510.6291772337172
9913.691626799875
-2835.479143607411
9425.419835770626
9073.470366122616
9806.364812580374
2875.140270532169
4144.318441703399
-3521.1326395214073
-8868.165476836404
8382.816109349493
-5980.731318030885
3752.376476381525
5575.576522925259
-882.4957747464941
925.6181761914413
6013.97813194626
14.9513730075887
-2931.5931681472084
3461.4175376296043
-8014.908832616509
-3384.4266341494285
4562.989446477066
-4461.974259144903
5106.844713018898
3720.857982435702
-5437.953314389366
-2171.6678415686274
6065.127049145251
-5212.267008261915
558.2915747443785
3379.6647620024232
6019.907497081349
-3023.096511095642
-5761.137487005234
-1032.685243818616
9377.377012129688
7005.383987189325
-4892.965946992376
-3846.3873683964403
-71.41380283866056
-139.4301060329508
-4646.414964686803
7266.783253291473
-1818.3898649295752
-9062.097510989304
7879.439671053493
-2939.7790344818904
-8201.479207088085
3745.5474984077027
160.18150930710908
3328.9442081264388
8782.83391984949
2795.9259770045737
2106.7713701274406
-6975.625348000816
6808.613465550025
7255.729894062955
-4264.187681479852
-3565.3036899813233
1344.946126968709
-7493.738657515336
-7749.225654878905
6537.210137183007
7195.19504041765
4007.4010482191607
8060.621430763007
4347.168312800923
3754.671581433906
-9476.707120506691
4319.042502945751
4010.620848304592
-1098.225402211403
62.47317941139772
-1731.1362303369278
2929.668949194838
2795.1966647339923
1884.0190920350888
3157.9947137158324
-9295.495006704683
516.1589993924845
9602.787667026187
-8474.944201395952
8653.48104736847
2936.03206870533
4217.422522855419
3860.799883669719
7334.302325657554
9861.087468812635
4857.4407063198105
388.35585063908
-619.0736673676602
-172.0065745052725
-5543.980781514284
-3498.8680176526614
-4803.880464689465
-9362.488271241915
-2850.4117312508633
9473.194876079855
-6945.333081520466
305.6178416816383
-2601.4905116576156
-8434.125891577823
3714.18782310996
-6079.681221529258
1750.271981096923
-4974.812738618109
5693.53352047318
-411.86912115905943
4105.5091491045205
-8859.380732517247
8282.268645379387
6066.135758475311
-3738.049361460927
-801.6850600868947
-4384.589680714501
6627.633150019265
-6334.131040446791
4437.982854338452
-2961.1584071459965
358.41700822156236
3081.60640879339
-5915.257775327205
-3713.564930040032
3895.0391508517623
-6411.2306957558185
-5181.615995847111
6293.447977741478
9657.404915657586
6628.9748648433815
-1720.7339788096342
3843.9223070534736
-836.0591944718235
-4412.456858931191
9979.196611775867
8066.738931970536
7362.719526647699
3900.7197310588035
613.9746593336713
-851.5688392561224
-2125.0528938998505
-2861.103614015141
7765.319103942333
-884.95847947109
9133.466003981019
-2507.1605348671474
-4802.640808673006
-7978.190810387433
1743.2373483648407
-4298.669610375942
2071.2010455082072
2679.535713338184
-8975.713378621886
7118.077436175205
-8319.29944017225
2611.358049617098
-6484.562460548622
3999.4413438806987
-2764.0190012395215
70.55746342587736
2682.4064257085975
611.9085089124383
9124.960842642085
524.6678731025331
-7113.939213756031
-3336.887642030142
-9111.508390765479
2083.22532885697
-7956.599743260466
6706.255881223904
-6815.757663480935
-561.552732509248
-4424.820979073665
6759.810481391647
-7907.966869048626
-8549.74782718521
-6259.193980293429
5583.013086590985
761.4690033035713
7345.999232226757
